    l1 = .03;
    l2=.1;
%     l1 = .1;
%     l2=.1;
    c1= .9*l1;
    c2=.5*l2;
    m1 = .4;
    m2 = .3;
%     m1 = .0001;
%     m2 = .0001;
    I1=.005;
    I2 = I1;
    k = 3;
    kappa = .5;
    th1_0 = pi/2;
    th2_0 = 0;
    g = 9.81;
    
    u0= [1.4e-5 1.4e-5]';%[1.4e-5 0]';
    
    T1=g*l1*(m1+m2) + m2*g*c2 % N*m